2.457374642845599912e+06 3.959613405906484487e-03 1.294183685200309304e-02
2.457374713224105537e+06 1.250999694316530172e-02 1.382064108268655014e-02
2.457374782633249648e+06 -1.146502807328933678e-02 1.071529670205371813e-02
2.457374852484738920e+06 -2.181899825698755541e-02 1.131782263628743936e-02
2.457374922145227902e+06 -1.359806185354041005e-02 1.555414611828151612e-02
2.457374992535499856e+06 3.793682049601331766e-03 1.318679307023827921e-02
2.457375062192433979e+06 2.137070925977794904e-03 7.843314112808518271e-03
2.457375131773458794e+06 3.690845776698780268e-03 1.603170603051513529e-02
2.457375202036840376e+06 -1.300651849734839154e-02 1.476211639973342392e-02
2.457375271664875094e+06 3.308563994801006695e-04 1.569545550384752325e-02
2.457375341459461488e+06 5.890479681863646823e-03 1.293063002343085646e-02
2.457375410352523904e+06 4.521325131628996415e-03 1.155512667952028789e-02
2.457375480684520211e+06 -3.720629563917882045e-03 1.305215423851074918e-02
2.457375550732741132e+06 1.374596279443871492e-02 1.582574229595168705e-02
2.457375620162217412e+06 -5.190395114249381214e-03 1.729001545117745406e-03
2.457375689791708719e+06 -3.190857790065736426e-04 1.963707279971892757e-03
2.457375759791519959e+06 -2.401763402706604943e-03 1.710759615271560761e-03
2.457375829444636591e+06 7.037986215689622828e-03 1.949038650266081158e-03
2.457375899140571710e+06 7.951656129560632710e-03 1.865877236869438504e-03
2.457375968887919560e+06 1.208427038379345994e-02 1.315237743217241573e-03
2.457376038701839745e+06 1.137290676405355340e-02 1.656981861602034589e-03
2.457376108466499951e+06 1.253116772002773986e-02 1.596079190920872458e-03
2.457376178274679929e+06 1.088820070826948018e-02 1.476882323691284821e-03
2.457376247985916678e+06 6.832179892913524226e-03 1.318043125124279506e-03
2.457376317880564835e+06 5.748009709715777571e-03 1.300071934784573181e-03
2.457376387670880184e+06 5.518831405260358775e-04 1.379838454519812614e-03
2.457376457521679811e+06 -3.118729080539657614e-03 1.723928028354543979e-03
2.457376526944153942e+06 -3.741603991764458348e-03 1.295340267172431174e-03
2.457376596763416659e+06 -9.637028541200229554e-04 1.281593732077662955e-03
2.457376665610499680e+06 -4.376862992327151466e-03 1.361055650928186256e-03
2.457376736110478174e+06 -8.724427544888396432e-03 1.705075608823731353e-03
2.457376806191652082e+06 -5.995317232493238210e-03 1.305383839750624744e-03
2.457376875812863931e+06 -8.186396431048457642e-03 1.183729153171982594e-03
2.457376944963600021e+06 -3.332100539277411087e-03 2.063600408252724665e-03
2.457377015495782718e+06 -1.297180453869855535e-03 1.340344114034838470e-03
2.457377085706846323e+06 -1.377225430701291839e-03 1.532703029828109010e-03
2.457377154931762256e+06 -5.317393076434146458e-03 1.698184031339599253e-03
2.457377224734682124e+06 -1.326965561277279604e-02 1.857542410449947688e-03
2.457377294314260595e+06 -1.496705543209199754e-02 1.608742589692554147e-03
2.457377364298608620e+06 -1.315034920827531581e-02 1.380059962730945632e-03
2.457377433948388789e+06 -9.405980418367488639e-04 1.403097437373179842e-03
2.457377503597349860e+06 6.457153296855816169e-03 1.569025746602317880e-03
2.457377573472789023e+06 6.066606367212204649e-03 1.847723191805066088e-03
2.457377643558079842e+06 1.692510753848114292e-03 1.570331015568614871e-03
2.457377712903399952e+06 -1.179994077128389447e-02 1.045758274064202470e-03
2.457377782622874714e+06 -1.668671251311491105e-02 1.192317942311288924e-03
2.457377852508182172e+06 -1.737205329044602328e-02 1.232084641875251562e-03
2.457377922416375484e+06 -1.896932244872426634e-02 1.253567957088041118e-03
2.457377992243600544e+06 -1.566155259571265154e-02 1.233652185692787548e-03
2.457378061803695280e+06 -1.306731405034437278e-02 1.736284866295662206e-03
2.457378131327119656e+06 -9.116528758260413270e-03 1.345576616130940342e-03
2.457378201583958231e+06 -3.379037121341657308e-03 1.626987289814875752e-03
2.457378270826260559e+06 6.973584190442867758e-03 1.931760748165082652e-03
2.457378340462408494e+06 1.351482071016686312e-02 1.558827448907797045e-03
2.457378410611839965e+06 1.294831071484527779e-02 1.937760623287342705e-03
2.457378480588125531e+06 1.046986466094878242e-02 1.703253493429759133e-03
2.457378550684679765e+06 7.144194067748718506e-03 1.568016586475052751e-03
2.457378619879428763e+06 7.165704634173168143e-03 1.709992036219886054e-03
2.457378689432125073e+06 6.904640323389568679e-03 1.525530260636281856e-03
2.457378760056375526e+06 5.284747476494634777e-03 1.685147417344564627e-03
2.457378828769473359e+06 6.929366433148688963e-03 1.615239827477214438e-03
2.457378898692182731e+06 9.468743729496730335e-03 1.601007039846613416e-03
2.457378968663499691e+06 1.538646067868316460e-02 1.445612689645446418e-03
2.457379039022863843e+06 1.981635616293176208e-02 1.525423499557090499e-03
2.457379108484653756e+06 1.988805852509809360e-02 1.261734266675384065e-03
2.457379597005590796e+06 1.158014528396471114e-02 1.612845728574697438e-03
2.457379666509208735e+06 1.315916054606972550e-02 1.455656919037501100e-03
2.457379736325260717e+06 1.075775053315025827e-02 1.415077842706366105e-03
2.457379806389681995e+06 1.366696999550073670e-02 1.531847193287820021e-03
2.457379875321949832e+06 1.333939373692342653e-02 1.282264044238588894e-03
2.457379945345181972e+06 1.476020552555783877e-02 2.148218161850751033e-03
2.457380015445653815e+06 1.252323922060268740e-02 1.384383004909967062e-03
2.457380085322773084e+06 1.299443880968616585e-02 1.804748082511318423e-03
2.457380154515761882e+06 9.869429754497152998e-03 1.147193932202472677e-03
2.457380224896727130e+06 5.895973323691289583e-03 1.454947737696984282e-03
2.457380294470500201e+06 4.927570872563139838e-03 1.962538324253468042e-03
2.457380433479708154e+06 -6.941639464821738057e-04 1.490397416208455146e-03
2.457380503560708370e+06 3.166644114069937341e-04 2.032752220773063976e-03
2.457380573180666659e+06 3.299609886833474066e-03 1.558491751437070510e-03
2.457380712562521920e+06 7.828573300506861928e-04 1.497419638038958957e-03
2.457380851975707803e+06 -3.271224881845500795e-04 2.181753736582508780e-03
2.457380921525130514e+06 -4.230450660891610717e-03 1.339672428466086697e-03
2.457380992267733440e+06 -8.389445947093511838e-03 1.877287652584941216e-03
2.457381131296000443e+06 -9.199372284705497824e-03 2.239119696746323749e-03
2.457381201933777425e+06 -8.823855361084872312e-03 1.866160471165308112e-03
2.457381341060230508e+06 -7.924310222628898337e-03 1.566218708131713504e-03
2.457381409823722206e+06 -4.692990657932095272e-03 1.228033638571733588e-03
2.457381479869782459e+06 -2.517657019218127925e-03 1.969556886860506818e-03
2.457381549325428437e+06 -7.340497271106203973e-03 1.312726232918040277e-03
2.457381688360818196e+06 -1.007252899375069184e-02 2.395492278461391900e-03
2.457381759441681206e+06 -3.714069764530164401e-03 1.658827092901700743e-03
2.457381829592286143e+06 -9.143023974573229965e-04 2.425259645783190733e-03
2.457381898347652052e+06 1.396247751513325294e-03 1.517665293648885879e-03
2.457381968540286180e+06 -4.160658806386836883e-04 1.634208092790493012e-03
2.457382037737478502e+06 -5.345547944549309399e-03 1.614286815162998883e-03
2.457382107898461632e+06 -1.171890349111448688e-02 1.426852400009777843e-03
2.457382177301681601e+06 -1.391944386015257079e-02 1.327978144368408995e-03
2.457382247304809745e+06 -1.460314804089207774e-02 1.232150444450224019e-03
2.457382317747856956e+06 -1.143632543707090096e-02 2.195095898526303480e-03
2.457382387276908848e+06 -6.346803410601530894e-03 1.211271241798154074e-03
2.457382456246318296e+06 7.419233634827332967e-04 2.060739188885454820e-03
2.457382525656200014e+06 6.971664660529025385e-03 1.973230026699484500e-03
2.457382595969916787e+06 1.145015859867169576e-02 1.970780265365570764e-03
2.457382665658130776e+06 1.697693251779281223e-02 1.455647176733620594e-03
2.457382736153517850e+06 1.178304382984147330e-02 1.808085013297975859e-03
2.457382805295524187e+06 1.287549782974746655e-02 1.423955116250534125e-03
2.457382875996400137e+06 8.552983969223031807e-03 1.849005593348218351e-03
2.457383014628476463e+06 -1.076578021984480769e-03 1.644836064488455372e-03
2.457383084105700254e+06 -6.582899384537974075e-03 1.589460526675157050e-03
2.457383154263499659e+06 -2.415074623442586745e-03 1.659029244097471635e-03
2.457384060644000303e+06 1.400708330525442594e-02 1.594788639632106157e-03
2.457384130971999839e+06 1.222207804414051670e-02 1.807855718954259330e-03
2.457384271712727379e+06 -3.011693759563039818e-03 3.098668075513179646e-03
2.457384340278320014e+06 -8.652061556056144659e-03 1.001602154378452604e-03
2.457384479005272500e+06 -6.763064158716775888e-03 1.307012022671310766e-03
2.457384968871066347e+06 -5.006468317817781670e-03 2.197809717955171230e-03
2.457385177036609035e+06 -2.714408784192734372e-03 1.552650352384689174e-03
2.457385944153434131e+06 -5.753894322507432067e-03 1.523709297793545943e-03
2.457386153714999557e+06 -6.726145766999956817e-03 1.438090794127347373e-03
2.457387269181565382e+06 1.262124115046252271e-02 1.340141464352903773e-03
2.457387409943841863e+06 2.005203013649753743e-02 1.712166738323234357e-03
2.457387478581272531e+06 9.810751275960385986e-03 1.357347942397226946e-03
2.457388666888166685e+06 -2.288391279297825875e-02 3.965394899441018750e-03
2.457388734074173961e+06 -1.288623332547457132e-02 1.276764193983025500e-03
2.457389082664577290e+06 -1.820627427672701082e-02 1.689804998311165551e-03
2.457389431050958112e+06 -1.337078460533234515e-02 1.277447028166358049e-03
2.457389570537948050e+06 -8.121760453570782065e-03 1.665105527862481213e-03
2.457389640474750195e+06 -4.013816630870838988e-03 2.350645302002778419e-03
2.457389989349199459e+06 -1.571429391447886140e-02 1.321796828656167854e-03
2.457390128842360340e+06 -1.433944859500746981e-02 1.193989599722001561e-03
2.457390547244625166e+06 -2.203139492849081824e-02 1.547921924712951456e-03
2.457390826759940479e+06 -1.074628341579675871e-02 1.780134324748929844e-03
2.457390965942000505e+06 -1.223622575798087066e-02 1.359029454898692162e-03
2.457391105781374965e+06 -1.000594156654349481e-03 1.590848810689621945e-03
2.457391525113500189e+06 1.656744466699141410e-02 1.913072722432226707e-03
2.457391662942208350e+06 1.299929808770967747e-02 1.289445202828708864e-03
2.457391872830839828e+06 1.023906379967058286e-02 1.067768292103292481e-03
2.457392291181210428e+06 -4.743328859933108009e-03 1.073470277576681889e-03
2.457392572739799973e+06 -5.334759026832264391e-03 2.812461786327124548e-03
2.457392709896611050e+06 -2.014836726553411502e-03 2.245774470778677621e-03
2.457392779341708403e+06 3.184248920136604263e-03 1.862935800162066405e-03
2.457392919845500030e+06 2.064510724563500214e-03 1.001520076594335359e-03
2.457393130235200282e+06 3.113469495553564332e-04 3.558844276450105239e-03
2.457393339363375213e+06 -4.690171022898160721e-03 2.265652711815609004e-03
2.457393634698399808e+06 -7.822731473277931905e-03 3.449052375496857760e-03
2.457393704177999869e+06 -1.023612581964250534e-02 2.237362326030866051e-03
2.457393773894222453e+06 -1.547353273139365909e-02 9.493122437943558043e-04
2.457393843714000192e+06 -1.880204235146981651e-02 2.288315281827837510e-03
2.457393913859200198e+06 -2.531541526656256452e-02 2.408350338258086112e-03
2.457393983059571125e+06 -2.880265018217832013e-02 1.479983162453483428e-03
2.457394052343908697e+06 -3.575186863547827332e-02 1.215914091918469594e-03
2.457394123215599917e+06 -3.346554707120603933e-02 1.468489915376057628e-03
2.457394192032231018e+06 -3.141131611178121785e-02 1.967337821813771540e-03
2.457394540333066601e+06 3.735353189302603825e-03 1.220526809130832420e-03
2.457394611079444643e+06 -3.229380645694474028e-03 1.762251577367836318e-03
2.457394680371833500e+06 -9.160079350279853524e-03 1.607321258012847295e-03
2.457394750114555471e+06 -5.321353331635355483e-03 1.651250179903731609e-03
2.457394819491692819e+06 -4.859961723974377291e-03 2.151393351722681938e-03
2.457394888944353443e+06 -3.586055966393534092e-03 1.779834243203594736e-03
2.457394959315999877e+06 -6.011702818823959002e-03 1.941947856701947955e-03
2.457395029251818545e+06 1.150726074935308528e-03 1.588212640403984053e-03
2.457395098208333831e+06 4.114058530244682770e-04 1.933015131901541723e-03
2.457395168185473885e+06 3.226603586914031461e-03 1.867775295221996926e-03
2.457395237932210788e+06 9.067460209756951885e-04 9.824737663814788781e-04
2.457395308856666554e+06 -1.205317474978208694e-03 6.239225686448821116e-04
2.457395517948800232e+06 -7.520786771230231378e-03 2.246540691769438602e-03
2.457395586962571833e+06 -4.516254238283380802e-03 1.749241763485591926e-03
2.457395655569200404e+06 -2.724859875579624044e-03 1.522265334449560354e-03
2.457395725419736467e+06 8.175355242944513934e-03 2.243495784346746270e-03
2.457395795715692453e+06 1.489438887118603970e-02 1.628258535926301867e-03
2.457395864626895171e+06 1.500058331572514531e-02 1.522120885930371235e-03
2.457395935468750075e+06 1.454913312198260339e-02 1.752216189720430571e-03
2.457396004439000040e+06 1.359892671105195246e-02 1.333899474309388792e-03
2.457396074717768934e+06 1.278720980457439746e-02 2.501041256308947445e-03
2.457396145119817927e+06 1.116090331166787533e-02 2.846099360777080891e-03
2.457396562268500216e+06 -1.126957525119156450e-02 1.782608668765285316e-03
2.457396632054100279e+06 -5.922571215158314514e-03 1.378144058240700224e-03
2.457396701780894771e+06 1.456826167846708145e-03 1.734983868640903185e-03
2.457396771269130055e+06 4.155272147237633329e-03 1.185694771944065685e-03
2.457396841122956015e+06 7.681507677144663003e-03 1.282876339838695014e-03
2.457396911007631570e+06 5.008188701586410718e-03 1.262028893371726747e-03
2.457396980113909114e+06 6.234258685775001356e-03 1.608191623367064265e-03
2.457397051727888640e+06 3.776005544682610460e-03 2.522146774234811529e-03
2.457397120668222196e+06 -1.055047883360762939e-03 1.428878077990098500e-03
2.457397189502181951e+06 -4.351271774389197169e-03 1.155955271119354791e-03
2.457397538076217286e+06 -1.179831853113831770e-02 1.230803148007144016e-03
2.457397677254045382e+06 -2.333567792035607606e-03 1.530970918625606993e-03
2.457397746664143167e+06 -1.638392537907777690e-04 1.537205959156743651e-03
2.457397816876700148e+06 -3.210032817801566733e-03 1.497844847209302624e-03
2.457397886701238342e+06 -6.221660579061156181e-04 1.460583987495954472e-03
2.457399559911999851e+06 1.063647166774697901e-02 1.591385225129699019e-03
2.457399629178250674e+06 3.641389135982724731e-03 2.303679755166763207e-03
2.457399699758721981e+06 3.703036258301921346e-03 9.807872703663502931e-04
2.457399768742349930e+06 1.762589296753447939e-03 2.228917001118225268e-03
2.457399838424520567e+06 -2.365175493203512062e-03 1.298106437776998289e-03
2.457399908102111425e+06 -9.888066735391899762e-04 1.118001779872043657e-03
2.457399978008961305e+06 -5.427936020817948452e-03 1.381239814886388003e-03
2.457400047739615664e+06 -7.338653901892735511e-03 1.517168077783391219e-03
2.457400117135640234e+06 -2.367072792980645136e-03 1.348795164924817798e-03
2.457400186822043732e+06 -4.487602019380267614e-03 1.554941857790959796e-03
2.457400535918545444e+06 5.732020807224225394e-04 2.006239313754982437e-03
2.457400605242087040e+06 2.892940580943055909e-03 1.205289055945683429e-03
2.457400674913579132e+06 -1.501337162520555765e-03 1.314047452103435680e-03
2.457400744560444728e+06 -3.252171285421278507e-03 2.182825925090473192e-03
2.457400815170772839e+06 -5.800756278282736926e-03 1.477715644315590569e-03
2.457400885141537990e+06 -1.622552553726120707e-03 1.916327894003563457e-03
2.457400954090143088e+06 1.545825835597458217e-03 2.223929829668962362e-03
2.457401023824166507e+06 -9.780729690511888712e-04 1.975253380752732026e-03
2.457401165423800237e+06 -3.384094994750432885e-03 3.337606188422237354e-03
2.457401234248857480e+06 -1.069534749284131725e-02 1.430667891974023772e-03
2.457401582646476571e+06 -3.877369138384969584e-03 1.685424559663295128e-03
2.457401652283479925e+06 -6.671537665284583453e-03 1.525309999690253404e-03
2.457401722851936705e+06 -4.561437125175192911e-03 2.089247139410681155e-03
2.457401791249272414e+06 -7.849565430496094690e-03 1.320651929791216402e-03
2.457401860969522968e+06 -8.559160789723766968e-03 1.154547547379734113e-03
2.457401930859083775e+06 -6.437634615562982769e-03 1.246220539692640761e-03
2.457402001212052535e+06 -6.480484242238041155e-03 2.231735203617247944e-03
2.457402070866863709e+06 -1.120888570315004690e-02 1.295890683391262913e-03
2.457402140712999739e+06 -7.307176894911355386e-03 1.524392543516225364e-03
2.457402209750479553e+06 -4.541712586675983668e-03 1.434400426566863600e-03
2.457402558529044036e+06 3.635860484134844934e-03 1.467582241339136871e-03
2.457402627794823144e+06 -5.451176706858544205e-04 1.358957198332627929e-03
2.457402698280591052e+06 -3.251970696313102524e-03 1.568231176917181217e-03
2.457402767198523507e+06 -6.921765141524561897e-03 1.614438569884898761e-03
2.457402837234142702e+06 -3.233211257155143258e-03 1.835840807802746177e-03
2.457402906998956110e+06 -2.764412321201635114e-03 1.377661055770809705e-03
2.457402977104841731e+06 -6.721811371256256919e-03 1.284377104033164419e-03
2.457403045984888915e+06 -4.714098804149753630e-03 2.003369952994621655e-03
2.457403116523166653e+06 -2.002448826259744640e-03 1.462441363333871975e-03
2.457403185994269326e+06 -7.751514627908142295e-03 1.582788171466523175e-03
2.457403254745299928e+06 -6.752846755795247416e-03 1.557820408200620132e-03
2.457403537114200182e+06 1.456892697418875685e-02 3.295712193869148286e-03
2.457403604797954671e+06 1.492528559215675239e-02 1.398805336209191707e-03
2.457403673845772631e+06 1.223710702560133930e-02 1.795453954566728853e-03
2.457403743503615726e+06 7.776310792257942230e-03 1.637929628800594267e-03
2.457403813056782819e+06 1.540291415094026482e-03 1.176607098746640075e-03
2.457403882966800127e+06 9.284330017295740843e-06 1.716566467901169081e-03
2.457403953318458050e+06 5.093162613845654682e-04 1.817817008838298583e-03
2.457404022638199851e+06 -3.265449352722668043e-03 2.066635323617478561e-03
2.457404092053050175e+06 -7.787764699949689326e-03 1.594167410971202882e-03
2.457404161779919174e+06 -1.045928944625534353e-02 1.291836871279258359e-03
2.457404231455867179e+06 -1.810468581298952870e-02 1.408200565852328612e-03
2.457404299938874785e+06 -1.722645098281407744e-02 3.014893437893767514e-03
2.457404580325666815e+06 -4.953721749718922700e-03 1.198067704597666813e-03
2.457404650344722439e+06 9.588776778378679897e-04 2.131852241939801145e-03
2.457404720085875131e+06 -1.623155833700014880e-03 1.437693991466893265e-03
2.457404790020500775e+06 3.695250737482625933e-04 2.160748437564976969e-03
2.457404859236000106e+06 5.559792602111447539e-03 1.506061415995739537e-03
2.457404928485888522e+06 -3.082342722224399060e-04 1.832609446174262267e-03
2.457404999039479997e+06 2.544453635368817360e-03 1.440201508515463139e-03
2.457405067798499949e+06 -1.152941466459794149e-04 1.325362722957360495e-03
2.457405207729799673e+06 6.645152121619887428e-03 1.761727419041304952e-03
2.457405275371428579e+06 1.271263964768964928e-03 2.412967911540522988e-03
2.457405557024142705e+06 2.613571173711945125e-02 1.743857517736566208e-03
2.457405626466874965e+06 2.656646285479303746e-02 1.783054543878213579e-03
2.457405695550149772e+06 2.757400449880793164e-02 1.822491373885313419e-03
2.457405765559235588e+06 2.489725300907398922e-02 1.900738251240613290e-03
2.457405835068499669e+06 2.785199496855768342e-02 1.162373819654600668e-03
2.457405905082737096e+06 2.733052748845593918e-02 1.751261246830574476e-03
2.457405974650166929e+06 2.566466953094492451e-02 1.664877370748870126e-03
2.457406044595782645e+06 3.032286693380756987e-02 1.631905041996939030e-03
2.457406113919190131e+06 2.744034542343629784e-02 1.797502655132955564e-03
2.457406183820000384e+06 2.502316028483360377e-02 1.312891535298787559e-03
2.457406253140687011e+06 2.334387752834769097e-02 1.437121880421504336e-03
2.457406532926800195e+06 2.117899347221719603e-02 2.274484975815343687e-03
2.457406602274856996e+06 1.599206593620349642e-02 1.944430431676456112e-03
2.457406672294959426e+06 1.733510829445565962e-02 1.403021266984009943e-03
2.457406742477071472e+06 1.242267400884429496e-02 1.318554636442729024e-03
2.457406810838863719e+06 8.927127164066519030e-03 1.538630371814699504e-03
2.457406880686714314e+06 -1.832517090852215161e-03 1.808899577043126703e-03
2.457406950417000335e+06 -4.580386175230001175e-03 1.607601884958929656e-03
2.457407020670679864e+06 -1.252672541647826881e-03 1.539658924229198771e-03
2.457407090585332830e+06 -1.477816275415903260e-03 1.409125127414198337e-03
2.457407159617375117e+06 -3.924313316795438426e-03 1.741651392854481678e-03
2.457407227790399920e+06 -6.454736881253487699e-03 1.487793628221799509e-03
2.457407297171857208e+06 -1.239861139373689587e-02 2.662280271012435525e-03
2.457407579069737345e+06 -1.242964916594851803e-02 2.527020321773705384e-03
2.457407647610578686e+06 -9.367913231135649096e-03 1.351279655317416369e-03
2.457407718241249677e+06 -3.733248756572192257e-03 1.560399661527042637e-03
2.457407788895572070e+06 2.608224176744759586e-03 2.643784590422912535e-03
2.457407856660454068e+06 2.559841174523771069e-03 1.273253536455552738e-03
2.457407926754458342e+06 -1.717306053996356038e-03 1.031768527325552546e-03
2.457407996761522256e+06 -5.170038088174517231e-03 1.926813395905808014e-03
2.457408065979044884e+06 -4.508805369351351865e-03 2.097163627550697584e-03
2.457408136099166702e+06 -5.386600969806959634e-03 1.535508524690569520e-03
2.457408205811624881e+06 -2.198701105822895106e-03 2.525164112964788446e-03
2.457408273160571698e+06 -3.500635220733923966e-03 2.081358850779854719e-03
2.457408555327181704e+06 9.255531266779214172e-03 1.501629413393266652e-03
2.457408625785941258e+06 8.217678058534134966e-03 1.906967421206054057e-03
2.457408695188312791e+06 1.429847847179181904e-02 1.684570694240277279e-03
2.457408764404000249e+06 1.600144159653865000e-02 1.343357800712139489e-03
2.457408834053526632e+06 1.311348006596940209e-02 1.802242121034560319e-03
2.457408903731583152e+06 6.567383277434227055e-03 1.800264655286470256e-03
2.457408973233286291e+06 -2.715947324042854855e-03 1.657676671776129804e-03
2.457409043079166207e+06 -7.340519787178117171e-03 1.794443776197888465e-03
2.457409112476789858e+06 -4.224813822109724053e-03 1.835532570458982531e-03
2.457409182153571397e+06 -3.075566071992828863e-03 2.035455628605169903e-03
2.457409250396181829e+06 1.773016740995428842e-04 1.109634522527155626e-03
2.457409531671643257e+06 -7.568614959597408896e-03 2.308522108712602640e-03
2.457409601086521056e+06 -9.623676754681767878e-03 2.045284350977086014e-03
2.457409670445374679e+06 -1.188944912865141056e-02 1.639476233911152121e-03
2.457409740365782287e+06 -1.413390079039419586e-02 9.609836863952918393e-04
2.457409811356133781e+06 -1.435144640412409044e-02 2.105273250069333250e-03
2.457409879360045772e+06 -9.938053540689259502e-03 1.274538071482918949e-03
2.457409948937999550e+06 -3.053488988773137621e-03 1.195759388331342574e-03
2.457410646009199787e+06 6.873754599399673273e-03 1.490596058692166426e-03
2.457410717152928468e+06 1.583013744372734066e-02 1.863432848606324252e-03
2.457410786242416594e+06 1.524267490686910358e-02 1.850627461117918459e-03
2.457410856106411666e+06 1.615983558171597487e-02 1.690941842897693975e-03
2.457410925667217467e+06 1.825814305554084374e-02 1.789069986024825060e-03
2.457410995282833930e+06 2.039925059055753762e-02 1.640010763905871407e-03
2.457411065416167025e+06 2.289082513429272284e-02 1.817233008861237828e-03
2.457411135625399183e+06 2.278251024815489481e-02 2.382307694689402532e-03
2.457411204577666707e+06 2.423936916747347278e-02 1.744152372353636972e-03
2.457411272131499834e+06 2.151816473102582256e-02 2.108961852504607614e-03
2.457411553094750270e+06 2.767262963894755526e-02 1.344858501959194470e-03
2.457411622840200085e+06 2.178353086505418340e-02 1.849500123772283670e-03
2.457411692630370613e+06 1.646653439199307137e-02 1.394061027129182406e-03
2.457411762706818059e+06 1.335248598203238150e-02 1.575953578983326289e-03
2.457411831835237797e+06 1.224917119419743558e-02 1.433693508597254146e-03
2.457411901431818027e+06 1.889555410957473314e-02 1.902246954465977840e-03
2.457411971526235342e+06 1.404756001983901818e-02 2.051394461079459122e-03
2.457412040821174160e+06 1.288618524495139216e-02 2.032847667665030420e-03
2.457412110794208478e+06 3.415795851574609989e-03 1.208869930061620170e-03
2.457412180555167142e+06 3.163549636936734133e-03 1.671034464092639379e-03
2.457412249112100340e+06 3.211971093713519680e-03 1.543540523665903321e-03
2.457412599623666611e+06 8.633811686947582067e-03 1.860582959661693158e-03
2.457412668817999773e+06 7.830307174399732395e-03 1.714852007410308261e-03
2.457412737880315632e+06 1.234494741532419192e-02 2.116507761920100473e-03
2.457412807498941198e+06 1.158330625003482946e-02 1.620106743495467079e-03
2.457412877916041296e+06 6.618870477389197406e-03 1.437267128229403109e-03
2.457412947564473841e+06 4.765339208214681120e-03 1.083392722662395715e-03
2.457413017274105456e+06 -8.600424011425612152e-04 1.399768564339241806e-03
2.457413086621904746e+06 -4.090084206649225416e-03 1.926715928626075843e-03
2.457413156703667250e+06 -8.225312416463020568e-03 1.840017894256391158e-03
2.457413226463095285e+06 -4.508342522833382743e-03 1.461698106022045734e-03
2.457413294121142942e+06 -1.113216872942458455e-02 1.887146000521023031e-03
2.457413574972303584e+06 -1.696457769924042056e-02 1.645765987927553554e-03
2.457413644690545276e+06 -8.709599775343249833e-03 1.663904175542125228e-03
2.457413714494683780e+06 -2.084754812129483749e-03 1.781164708501551926e-03
2.457413783881608862e+06 -2.706451272076348773e-03 1.742567938265389849e-03
2.457413853800047655e+06 -7.290159845360735021e-04 1.711863978881065281e-03
2.457413923693958670e+06 -2.761328702717580266e-03 1.294271270433863504e-03
2.457413993864478078e+06 -5.878594135122813986e-03 1.432517379698176885e-03
2.457414063768549822e+06 -6.006243001210232954e-03 1.197141100173347572e-03
2.457414132545625325e+06 -5.264872891865674497e-03 1.446265137199493267e-03
2.457414202872476541e+06 -3.832445677975487245e-03 1.846157922091647141e-03
2.457414271435166243e+06 -3.505245333200510734e-03 2.129606136746241100e-03
2.457414550988353323e+06 9.144869549514281215e-03 1.533399862472440648e-03
2.457414621519221924e+06 6.325910233761376268e-03 1.852262416577901217e-03
2.457414691284071188e+06 5.357477815566023815e-03 1.727101202067746416e-03
2.457414761085849721e+06 1.042044514252740868e-02 2.035969498944191405e-03
2.457414830433940981e+06 9.995024334850480599e-03 2.010352767891645208e-03
2.457414899265300017e+06 1.224355195356828171e-02 2.400691444957069390e-03
2.457414969509189948e+06 5.845408786889512605e-03 1.388622478779565203e-03
2.457415039226945024e+06 7.553175474278892715e-03 2.559132077181856812e-03
2.457415109258124605e+06 3.144261942300689925e-03 1.587087655171565050e-03
2.457415178615000565e+06 6.889010507464568729e-03 1.741373229429158450e-03
2.457415247074666899e+06 3.387098451139805913e-03 1.632592626274252711e-03
2.457415315731599927e+06 4.941609541326988028e-03 2.091041422498560089e-03
2.457415527122874744e+06 6.537516080970823956e-03 1.938767746418681732e-03
2.457415596898250282e+06 5.481496599882547914e-03 1.811380442395184743e-03
2.457415666653799824e+06 -2.287367607088396267e-03 1.614207595405342316e-03
2.457415736415280495e+06 -2.648726894285989415e-05 1.514310171681868423e-03
2.457415806222999934e+06 1.392048682290216409e-03 1.446168335310133238e-03
2.457415876753736287e+06 1.469071019890106885e-03 1.979680831877939952e-03
2.457415945642047562e+06 2.979969699445241590e-03 1.918473382524607009e-03
2.457416015555458609e+06 6.219852015199631157e-03 2.023332192104601406e-03
2.457416085114769172e+06 6.763982994536054186e-03 1.548097116077922462e-03
2.457416154963999987e+06 1.503427001996350022e-02 1.731856974869227161e-03
2.457416224132458214e+06 1.688773186071553314e-02 1.590890638714156620e-03
2.457416292257875204e+06 1.733932101017554572e-02 1.714100265111048217e-03
2.457416573533999268e+06 1.586208646828858246e-02 1.590717408806190461e-03
2.457416643096684013e+06 1.778692431795257656e-02 1.477656902624385109e-03
2.457416712559391279e+06 1.261120199469216094e-02 1.598504099418374949e-03
2.457416782443714328e+06 1.409540660490713783e-02 1.231445694978132617e-03
2.457416851725666784e+06 1.497097656422481139e-02 1.524628254951940296e-03
2.457416922118999995e+06 9.613787396430002047e-03 1.880721593704066941e-03
2.457416992589999922e+06 3.225773270484154527e-03 1.992204753263369238e-03
2.457417061075320002e+06 2.570037093965007492e-03 1.495216649672927384e-03
2.457417131157476455e+06 -2.151753314431774952e-04 1.711696542905206649e-03
2.457417200838332996e+06 -4.849468101362511274e-03 1.276674652692459753e-03
2.457417268913333304e+06 -3.369787175445834466e-03 2.431514979056849119e-03
2.457417549245956354e+06 -1.570650013539148793e-04 1.918620859782852340e-03
2.457417619511307217e+06 2.462496217320679463e-03 1.269863148358440314e-03
2.457417688213954680e+06 -1.403065215093847462e-03 1.655901824744061661e-03
2.457417758634833619e+06 -3.007380872952923959e-03 2.023821707282422167e-03
2.457417828111999668e+06 2.891113585271378947e-03 1.434612698767835518e-03
2.457417898122739512e+06 -2.466107583356347537e-03 1.707414544730281262e-03
2.457417967625391670e+06 4.246529185516630459e-03 1.365094219728326752e-03
2.457418037685142830e+06 1.004094094839944745e-02 1.561967380188715188e-03
2.457418106707708444e+06 5.146394897111816573e-03 1.526331839628933566e-03
2.457418176886440255e+06 6.833257606438277983e-04 1.714954112180993532e-03
2.457418244896727148e+06 -2.887976433404891834e-03 2.361345970652288084e-03
2.457418314113399945e+06 -2.298369763670515473e-03 3.572969848720737411e-03
2.457418526396600064e+06 -5.951146118514136912e-03 4.085540171753317649e-03
2.457418595186038874e+06 -4.921638650536455314e-03 1.528710250112814322e-03
2.457418665033905301e+06 -8.297220334992574595e-03 1.474086105090799664e-03
2.457418734672666527e+06 -7.520871176889942084e-03 1.594913235786393768e-03
2.457418803874863312e+06 -1.138008951266005798e-02 1.709395664079016008e-03
2.457418874099000357e+06 -1.060761793968040441e-02 1.608080641337067884e-03
2.457418943524200004e+06 -5.153151690554835448e-03 1.789558795286322595e-03
2.457419013720260467e+06 -5.602088740184433570e-03 1.717434856961251848e-03
2.457419083065682556e+06 -3.075820133206063744e-03 1.638101875227125463e-03
2.457419152672800235e+06 -2.907366644742859565e-03 1.840949467925544376e-03
2.457419222589457873e+06 -3.745046742573745688e-03 1.462128593898750963e-03
2.457419290624750312e+06 -2.612581568420601925e-03 1.502453492910877427e-03
2.457419571482565254e+06 -2.216743936294687366e-03 2.056402816536578079e-03
2.457419640571999829e+06 -6.584421522972899385e-03 1.924165536573932671e-03
2.457419711424357258e+06 -9.684780547605353895e-03 1.543760487470522639e-03
2.457419780930173118e+06 -1.525026708827583941e-02 1.771113257442792285e-03
2.457419850534863770e+06 -1.295802744697478054e-02 7.963610265993278708e-04
2.457419919558608439e+06 -9.106432374648466138e-03 1.891261815847647887e-03
2.457419989579136949e+06 -7.987828567526172527e-03 1.417178492859940851e-03
2.457420059436624870e+06 -8.644854836435452577e-03 1.565498684178682695e-03
2.457420129581523594e+06 -1.207820212681467303e-02 2.065938696142896602e-03
2.457420198984839953e+06 -1.545769707959178049e-02 1.706622660725421511e-03
2.457420267171500251e+06 -1.152833035152716484e-02 1.797385880889050807e-03
2.457420547468100209e+06 -4.297918318677526606e-03 1.806644331692838388e-03
2.457420617591889109e+06 6.028861370430098864e-03 1.953824339414904875e-03
2.457420686863292009e+06 2.530778620778550980e-03 1.678921600695586691e-03
2.457420756696600001e+06 5.297502899185074429e-03 1.836205555645437689e-03
2.457420826188090723e+06 4.090028439656966976e-03 2.009997748718096982e-03
2.457420896323666908e+06 6.723038658504575278e-03 1.408841999848665536e-03
2.457420966245740652e+06 5.781809859569587984e-03 1.196321041922036128e-03
2.457421035353952553e+06 9.000254923779168678e-03 1.539175733304484458e-03
2.457421105156749953e+06 1.510757766363177330e-02 2.011634626360934899e-03
2.457421175221889280e+06 1.958828092842577334e-02 1.506789316558163278e-03
2.457421243356818333e+06 1.722867838690352038e-02 2.681162407753344065e-03
2.457421312430666760e+06 1.234232018187171598e-02 2.725801613440474985e-03
2.457421521376833320e+06 4.039751921689133281e-03 1.405244441802446995e-03
2.457421593941799365e+06 1.640008860049224203e-03 1.930150214956758391e-03
2.457421663374499884e+06 1.168095080149991966e-03 1.879870850242991095e-03
2.457421733309738804e+06 4.613467238959131564e-03 1.861153984995794937e-03
2.457421802179739345e+06 -4.491989914324887555e-03 2.100559530573524025e-03
2.457421873042750172e+06 -3.619462639934417896e-03 2.455381551153115738e-03
2.457421941675000824e+06 -1.192805969820015348e-02 1.681852761801895177e-03
2.457422012163000181e+06 -1.136645596316412758e-02 1.772608421385615373e-03
2.457422081340319943e+06 -1.544314918324050760e-02 1.722472506064751802e-03
2.457422151114999782e+06 -1.281165030805611268e-02 1.892087755619327070e-03
2.457422220885999966e+06 -1.624933759213786563e-02 2.143217084354584728e-03
2.457422288923545275e+06 -1.328556372159680338e-02 2.400707685286972756e-03
2.457422567680999637e+06 -2.291402400912842530e-02 3.624405936966145544e-03
2.457422637920476031e+06 -2.564835467538420510e-02 1.902920811475308826e-03
2.457422707384591457e+06 -2.523224556309337785e-02 1.482319528743797181e-03
2.457422779019833077e+06 -2.614156164223696219e-02 1.139055169472419317e-03
2.457422847107391339e+06 -1.667153709876243936e-02 1.417004825863313854e-03
2.457422917018818669e+06 -1.434170700397537947e-02 2.916565565938839932e-03
2.457422986094946973e+06 -1.650025248099449768e-02 1.754868391486289056e-03
2.457423056341320276e+06 -1.702706258128683717e-02 1.878309153694097695e-03
2.457423126464149915e+06 -1.942612516747831836e-02 2.157331401225053361e-03
2.457423195663785096e+06 -1.771516522204806890e-02 1.821867623532590378e-03
2.457423264699615072e+06 -9.979675742687883766e-03 2.356574880666971808e-03
2.457423472136399709e+06 1.901674347644153638e-05 2.684536360418250320e-03
2.457423544249250088e+06 5.930157847437364342e-03 1.886858377278271279e-03
2.457423683671807870e+06 7.200962714952957068e-03 1.382446831680071014e-03
2.457423753626624588e+06 1.212586211909556788e-02 1.786909127264907533e-03
2.457423824466181919e+06 1.611549268771662186e-02 2.303803925582448894e-03
2.457423892773713917e+06 1.942538389814005631e-02 1.346215220562440272e-03
2.457423963997999672e+06 1.324494977281388992e-02 1.126537603003325812e-03
2.457424032228667289e+06 1.392510476256171581e-02 1.408019460463175339e-03
2.457424102276280522e+06 1.203375947817599684e-02 1.862553632740679812e-03
2.457424172704555560e+06 1.285461060072546312e-02 2.094522855790386176e-03
2.457424241303476039e+06 1.066752308519427171e-02 1.806275257390432083e-03
2.457424309752070811e+06 6.243568267516770576e-03 1.628977951233948583e-03
2.457424378890600055e+06 8.640439091891955609e-03 3.896896324816066359e-03
2.457424518906666897e+06 1.033261498349257942e-02 2.370386740150102600e-03
2.457424590453434736e+06 1.387704311907569758e-02 2.018633487001924177e-03
2.457424659784461837e+06 1.290097740516072018e-02 1.731928094943016106e-03
2.457424729597682133e+06 1.509739640038250223e-02 1.869019774060568873e-03
2.457424799374333583e+06 1.749287022120672025e-02 1.096560025310782012e-03
2.457424868890545331e+06 1.068094317207896222e-02 2.419192667943972832e-03
2.457424938742000144e+06 9.675179250677424028e-03 1.410159912755585112e-03
2.457425008871307597e+06 1.266034823289266704e-02 1.769491630740468958e-03
2.457425077852651943e+06 6.647946624504250460e-03 1.516224002938462235e-03
2.457425147710700054e+06 3.565878898325548253e-03 1.484369090651445474e-03
2.457425217808521353e+06 -2.956872733542289990e-03 1.733657841274520743e-03
2.457425286566999741e+06 -6.599952238976310170e-03 1.640802729721246985e-03
2.457425355048571248e+06 -1.177606304417014478e-02 1.830565547045427763e-03
2.457425494436666369e+06 -8.613797083026827894e-03 3.094355885895990269e-03
2.457425566176119726e+06 -2.932883126190401289e-03 1.800118454290991401e-03
2.457425636005639564e+06 -1.166567656198992144e-03 1.134364349574823200e-03
2.457425705839090981e+06 -7.378900580937490744e-05 1.373664709959082110e-03
2.457425775659817737e+06 3.918817339630942947e-03 2.213534596416571153e-03
2.457425845285952091e+06 5.798866343428210959e-03 1.658827502756182477e-03
2.457425914990346413e+06 -6.155359707071806057e-04 1.448639973068327350e-03
2.457425984463285655e+06 -3.387011978561325388e-03 2.038421409220067884e-03
2.457426054650583304e+06 -5.524607104061957791e-03 1.102528920848358258e-03
2.457426124009045307e+06 -4.723866396227452934e-03 1.772842300374623562e-03
2.457426193843000103e+06 -5.267613979622888867e-03 1.466719157418164667e-03
2.457426262704556342e+06 -6.917150219449107705e-03 1.736868155032850842e-03
2.457426331603778061e+06 -5.448701194483876291e-03 1.902490631093934877e-03
2.457426542676080018e+06 -3.073310131111133339e-03 1.471563088652760431e-03
2.457426611911333632e+06 -1.600108645793960397e-04 1.597431458245646358e-03
2.457426681963542011e+06 1.004772005941382239e-02 1.766637457115681833e-03
2.457426751569333486e+06 1.337642009759699296e-02 1.606699911533622082e-03
2.457426821203263011e+06 1.265820319713207263e-02 1.751870907497057959e-03
2.457426891873721965e+06 1.368093507477437763e-02 1.396736435850028362e-03
2.457426960618726909e+06 1.101988887708058376e-02 1.452088781895207034e-03
2.457427030303305015e+06 1.281468521107125697e-02 1.501559842995118122e-03
2.457427100410541520e+06 1.368109362938764277e-02 1.503793960843045549e-03
2.457427170296153985e+06 1.289923557068986884e-02 1.461179570533873351e-03
2.457427239515210036e+06 8.676673666773248791e-03 1.991968391632293646e-03
2.457427308038749732e+06 2.151694697450974580e-03 2.095261834470978166e-03
2.457427376753833145e+06 1.637635107254850966e-03 3.179211330067507977e-03
2.457427517239923123e+06 -1.134882775792600898e-02 3.225383103333156771e-03
2.457427588629000355e+06 -8.826290545633387954e-03 1.802221527782828410e-03
2.457427657695045695e+06 -8.929897143970858681e-03 1.628140373810795611e-03
2.457427727822904941e+06 -6.881602052605462205e-03 1.680624738009288801e-03
2.457427797531261574e+06 -5.195574152791909012e-03 1.829311939930203896e-03
2.457427867145174183e+06 -2.120519561610598701e-03 1.917981772688316785e-03
2.457427937433919869e+06 -3.112996729757002042e-03 1.323770404704183081e-03
2.457428006913667079e+06 -7.532616791308999020e-03 1.687585055039729628e-03
2.457428076289080083e+06 -1.302055963754587646e-02 1.209493117945446665e-03
2.457428146281090565e+06 -1.877340430991344608e-02 1.521805277213464846e-03
2.457428215948440600e+06 -2.188813183794454525e-02 1.697821603517010421e-03
2.457428285196933430e+06 -1.817845252402609801e-02 2.103196251216853194e-03
2.457428353646200150e+06 -1.877476346073851318e-02 1.582779476542162589e-03
2.457428422503199894e+06 -1.491555949351444296e-02 1.967561684830180894e-03
2.457428492982999887e+06 -5.700750674239014534e-03 3.477791646268851844e-03
2.457428636451799888e+06 -4.625035645812477711e-03 2.949161110236393855e-03
2.457429537989249919e+06 1.488704478714448489e-03 1.074334928996619355e-03
2.457429607711884659e+06 5.840521784830584630e-03 1.254726650608319451e-03
2.457429677285812795e+06 8.661982216952149316e-03 2.435258023725218011e-03
2.457429747239142656e+06 1.057745686968842615e-02 1.124559586843362118e-03
2.457430096506618895e+06 9.708033907090204626e-03 1.480975844287019680e-03
2.457430165972384159e+06 6.999436081696081696e-03 1.391583244867544917e-03
2.457430236960428301e+06 2.926064329760196068e-03 2.308442643984448626e-03
2.457430304778384976e+06 1.581250623254663997e-03 1.097717157022452122e-03
2.457430583962037228e+06 1.984833246512096409e-03 1.545995273855538385e-03
2.457430653755785432e+06 1.281783260419746412e-03 1.531642579453123447e-03
2.457430722554499749e+06 2.118597981877236910e-03 2.927419971413978018e-03
2.457431211782666855e+06 -2.973606636462153112e-03 1.655415358858259656e-03
2.457431560203106608e+06 -7.953699839281872788e-04 1.905390006359432373e-03
2.457431630202840082e+06 1.744897157863895161e-03 9.665262949020521008e-04
2.457431699932892807e+06 -3.985626037182532695e-04 9.596239875790856183e-04
2.457431770131153986e+06 1.642836070335745857e-03 1.654119955701747026e-03
2.457431839912400115e+06 3.762773138716700091e-03 1.549655298690028266e-03
2.457433093591444194e+06 1.684278175981873812e-03 2.206880446595001471e-03
2.457433164180766325e+06 7.491150180104228645e-03 1.154028138528047191e-03
2.457433936036400031e+06 1.364712021301347188e-02 3.147990605948445750e-03
2.457434489443833474e+06 -1.492136866768565238e-02 2.620388313349530322e-03
2.457434561694559641e+06 -1.265482097740661289e-02 1.211429407183853019e-03
2.457434631474999711e+06 -1.413735886159107197e-02 2.120691712230544142e-03
2.457434700975908432e+06 -1.585632640563206311e-02 1.375759125266707216e-03
2.457434770815609023e+06 -5.002774371348491650e-03 1.070019840352682151e-03
2.457434840717130806e+06 1.538423382200249448e-03 1.359763856063676271e-03
2.457434910662062466e+06 4.197531166384137376e-03 1.734770787006233899e-03
2.457434979707863647e+06 5.527931085283055608e-03 1.338196796257496183e-03
2.457435049683956429e+06 7.677185742113102306e-03 1.407679890295161166e-03
2.457435120050470810e+06 3.110177444590852408e-03 1.888288648150238461e-03
2.457435189656909090e+06 -5.049571932706295105e-03 1.147819179797145497e-03
2.457435257999132853e+06 -1.026415539625761576e-02 1.575632572958884101e-03
2.457435326716500334e+06 -1.853188884940034156e-02 1.658247280488397762e-03
2.457435538229049649e+06 -2.984197426831493652e-02 1.446584801722079674e-03
2.457435607280726545e+06 -3.277478440990793523e-02 1.638302681052892585e-03
2.457435676844285801e+06 -3.199492674983427792e-02 1.441931981111266260e-03
2.457435746927639935e+06 -2.805118209698071949e-02 1.351426401670634877e-03
2.457435816728761885e+06 -2.743981807896134911e-02 1.731204596851732827e-03
2.457435886517500039e+06 -2.565417034682083292e-02 1.765535737949057264e-03
2.457435956518941559e+06 -1.973720632926856400e-02 1.983100311698191356e-03
2.457436025445954408e+06 -1.606496256871972964e-02 1.289329554352855586e-03
2.457436095654999837e+06 -8.143307993631781691e-03 1.785233512444326558e-03
2.457436165525200777e+06 -7.117587053378421347e-03 1.362122210249648970e-03
2.457436234583646990e+06 -4.668942326093547708e-03 1.234814499859949316e-03
2.457436303845461924e+06 -4.302875474796657995e-03 1.234063853206653419e-03
2.457436372055599932e+06 -8.607953528921829731e-03 1.941957552066452897e-03
2.457436511907142587e+06 -3.285893854230683385e-03 3.736047168263532166e-03
2.457436583619999699e+06 -7.766329894711365527e-03 1.827932728436784194e-03
2.457436653213618323e+06 -1.031214057594126259e-02 1.797731336107422171e-03
2.457436723201316316e+06 -8.160862084351187123e-03 1.568843944645807427e-03
2.457436792393399402e+06 -1.418616026823752742e-02 8.897727891515709586e-04
2.457436862360043917e+06 -1.442981224395515141e-02 1.404408748042525277e-03
2.457436932331208605e+06 -9.798364985656945331e-03 1.465944623024909282e-03
2.457437002307041548e+06 -7.875785708532244758e-03 1.321688144639343154e-03
2.457437071722772904e+06 -1.055174916185515517e-02 8.939739984208447529e-04
2.457437141342679970e+06 -7.283417527664831463e-03 1.032734750971833326e-03
2.457437210773944855e+06 -6.230851411222604504e-03 1.377220931292723891e-03
2.457437280105533544e+06 -6.047361123823336362e-03 1.786866771314870282e-03
2.457437487652499694e+06 -7.269868793431466004e-03 2.357052713160383284e-03
2.457437560495400336e+06 -6.845782553364607517e-03 1.485773446391370611e-03
2.457437629285454284e+06 -3.269314198191689350e-03 1.913871712406927002e-03
2.457437699306095019e+06 -3.841733361028182130e-03 1.789017729913995082e-03
2.457437769290050026e+06 -7.034009357922269001e-03 1.197252309834041014e-03
2.457437839037749916e+06 -8.175170835323566226e-03 1.720323899762260089e-03
2.457437909185952041e+06 -8.161661080681874335e-04 1.124246241707069259e-03
2.457437978426083457e+06 7.958181013348235647e-03 1.274538277677552366e-03
2.457438047932571266e+06 1.661033839594846032e-02 1.063467192359763549e-03
2.457438118558538146e+06 2.509704189566190624e-02 1.983497360465225241e-03
2.457438187870052643e+06 2.535246444053664699e-02 1.537262031495627464e-03
2.457438257140866481e+06 2.197517853958404557e-02 1.748713469245946183e-03
2.457438536148285959e+06 2.494651509578938581e-02 1.144976707469754895e-03
2.457438603613200132e+06 2.224190596838984332e-02 3.767329089321918602e-03
2.457438675747749396e+06 1.605335078482921646e-02 1.534401781107122033e-03
2.457438744982826523e+06 1.560071814596336766e-02 1.439201243593156041e-03
2.457438815655705519e+06 1.890965585040096236e-02 1.721596226484387385e-03
2.457438884652333800e+06 1.592806481829031964e-02 1.845418775145595209e-03
2.457438954321894795e+06 7.593883329259937948e-03 1.606711758014148662e-03
2.457439024459360167e+06 1.350491739029092367e-03 1.261850591530213825e-03
2.457439093785226811e+06 -2.148863006740594616e-03 1.330589375840780233e-03
2.457439582853227388e+06 -5.228206810308263196e-03 1.355459372291038973e-03
2.457439651940840296e+06 -2.682920451963738233e-03 1.689973837656268130e-03
2.457439721463952214e+06 -6.422483463164503810e-03 1.402522108974004096e-03
2.457439791581499856e+06 -8.695291646453332662e-03 1.252196642606552080e-03
2.457439860706542153e+06 -8.200585029827745995e-03 1.476603754416485823e-03
2.457439930707199965e+06 -6.539208764391585965e-03 1.344455356158847249e-03
2.457440000384912826e+06 -8.899146405935841504e-04 1.593889481847601342e-03
2.457440070018181577e+06 2.139123568859614948e-03 1.376601945432403672e-03
2.457440139858727343e+06 -5.969455247030130106e-04 2.123272766039891509e-03
2.457440209753227420e+06 -6.571269696903558541e-04 1.376961594746214414e-03
2.457440278706090990e+06 -2.999660573576691264e-03 2.552998340956556290e-03
2.457440558730074205e+06 -1.059386472872702982e-02 1.266941405539371993e-03
2.457440627916521858e+06 -3.134297617672287314e-03 1.550853465333871303e-03
2.457440697498434689e+06 -1.897039673441339256e-03 1.554931975822685742e-03
2.457440767557772342e+06 -2.344512776053205190e-03 1.689598194986999908e-03
2.457440837378599681e+06 -3.801771303109598849e-03 1.606653142112430752e-03
2.457440906940478832e+06 -9.610434570077072518e-04 1.224884940819028671e-03
2.457440976720652077e+06 1.464679216655852311e-03 1.680556553137852079e-03
2.457441046141608618e+06 2.534546447347764886e-04 1.672460881702683049e-03
2.457441115479100030e+06 -1.386677993826782376e-03 1.440780039661088661e-03
2.457441188251599669e+06 -3.204551958420817463e-03 4.848025609585610018e-03
2.457441255013221875e+06 -3.823691104107006591e-03 1.524431199456060312e-03
2.457441324056714308e+06 -6.932195372591828421e-03 2.334253076744138497e-03
2.457441536027199589e+06 1.766645589952345937e-03 2.323440530012339540e-03
2.457441604289667215e+06 -1.754697433571921145e-03 1.412436082539420814e-03
2.457441674241862725e+06 -3.025910493233149780e-03 1.762665162210613496e-03
2.457441744208736811e+06 -7.047568001178825849e-03 1.684900548560047890e-03
2.457441813324499875e+06 -2.467402171865138924e-03 1.467528761907420246e-03
2.457441883200700395e+06 9.607247896883464380e-04 1.515869088441940170e-03
2.457441953592713922e+06 -6.366045941580018679e-03 2.643919447776707857e-03
2.457442022391363513e+06 -6.731300704479247464e-03 1.309232358169128705e-03
2.457442093361550011e+06 -1.230240913299379332e-02 1.544478887121612234e-03
2.457442161958842073e+06 -1.695940614050191197e-02 1.735592952209580276e-03
2.457442231571000069e+06 -1.264463644370933393e-02 1.543592286277566204e-03
2.457442300720000174e+06 -1.459445096930155582e-02 1.456368582263072378e-03
2.457442369036166463e+06 -4.583710141025509367e-03 2.793454383181867649e-03
2.457442509265200235e+06 -5.554808312505360619e-03 1.746203378608115770e-03
2.457442580082666595e+06 -6.130854012750742987e-03 1.730698829290530042e-03
2.457442649791863281e+06 -8.956083302503971624e-03 1.491159072117129473e-03
2.457442720270571765e+06 -1.169680245697030628e-02 1.788973441641065641e-03
2.457442789348158054e+06 -1.631823619394255631e-02 9.802399500432852977e-04
2.457442859217999969e+06 -1.874708001045486891e-02 1.179760517881189288e-03
2.457442928359210491e+06 -1.843869267137888956e-02 1.889791088284013820e-03
2.457442998482250609e+06 -1.814916943794806295e-02 1.416982439182401391e-03
2.457443139135143254e+06 -1.840358809142188593e-02 1.490098779199106743e-03
2.457443208665879443e+06 -1.265508653362723557e-02 1.370308622274332743e-03
2.457443276630667038e+06 -1.387411114348612723e-02 2.070897004538697472e-03
2.457443345501624979e+06 -2.110620623610712579e-02 2.309267028114434222e-03
